10
0.783099223758605855749692636891 0.394382926819093038162122866197 0.84018771715470952354820610708
0.197551369293383960457077819228 0.911647357936784308307665014581 0.79844003347607328535673332226
0.277774710803187774299516377141 0.768229594811904004103553234017 0.335222755714889020239866113116
0.628870924761924410262281526229 0.477397051862160248791866479223 0.553969955795430513134647299012
0.952229725174712826607503757259 0.513400910195615511888433957211 0.364784472791843339400941204076
0.717296929432683083582844574266 0.635711727959900940732040908188 0.916195068003700652248255664745
0.0163005716243295808998148288538 0.606968876257058642664787839749 0.14160255535580337782342041919
0.804176754226990420093557077053 0.137231576786018716340720402513 0.242886770629736958859723472415
0.12979044678145573721295136238 0.400944394246183499763702684504 0.156679089254084552562673593457
0.218256905310906884620791856833 0.998924518003558969958532998135 0.108808802025769285615197645711
